200
5450.91 4466.93 4089.79 2977.04 15256
4332.41 3671.96 4187.75 3835.27 19020
4880.83 4497.95 7618.03 5767.65 11002
5495.77 3759.24 5109.41 6749.66 23700
5386.82 6419.69 2498.55 6107.66 21086
4440.44 4650.01 4210.03 4212.68 17351
7073.89 936.388 2537 8770.24 32518
4460.28 6749.96 4011.05 3577.37 14772
3354.29 3860.21 7144.08 3533.89 28198
4486.83 4391.2 3236.79 3733.39 25925
4635.76 1698.21 6685.38 1647.73 21623
4436.48 1690.3 5251.01 5142.99 29415
8575.4 6097.62 5410.93 2553.4 28305
6692.71 1644.69 4495.38 2265.09 21633
3569.44 4371.13 6732.69 7575.04 30717
5946.23 6901.42 5247.35 3225.2 17060
7900.94 4511.03 6292.31 822.039 27712
4833.22 6454.66 2275.46 7112.78 24367
4782.25 5082.47 6372.26 3809.42 28960
9349.96 7255.41 4105.35 2020.88 23996
7441.33 6023.42 7297.28 3195.4 29207
5988.95 3886.67 2053.9 7483.5 31620
4143.19 7512.39 2264.17 7190.33 27494
3334.45 3851.39 6552.02 4638.45 32301
5304.73 6277.97 4737.08 2037.61 21611
3915.22 3954.18 4582.66 3898.53 22705
5648.37 654.164 4633.93 6041.36 18341
2909.63 2037.31 4984.89 4365.35 28777
9662.16 5260.99 5745.41 2866.64 30948
5116.43 5663.64 6057.62 1879.47 29531
5855.59 3872.37 1420.33 2188.76 32629
2121.95 7201.28 3163.55 7098.18 27413
4805.75 3825.54 9653 2713.67 30200
4683.68 5408.18 3493.15 3564.6 32658
7135.84 748.137 4057.13 3539.66 20366
4815.21 1384.36 4279.31 1958.23 7398
4469.13 4914.29 5826.9 1732.88 22526
5424.36 7917.48 6694.54 1773.63 22012
5315.41 2208.83 7142.25 5337.93 23287
4575.95 1899.54 4858.24 4241.27 23124
6595.05 2565.56 9953.61 5823.31 23438
7470.02 3455.42 3916.75 2425.67 22004
3466.9 3285.11 3563.95 3299.1 26108
3434.55 4311.22 4320.81 4550.26 11247
4807.58 2310.1 6279.49 4075.52 29667
6090.27 1124.64 5589.16 2780.27 21321
8857.69 7161.74 5449.08 5750.01 32465
6903.59 2035.18 5538.5 6585.74 28955
1997.44 7269.4 5263.53 4716.31 20745
4148.69 4376 6681.42 7270.01 27481
6168.71 1395 3034.46 1331.44 20463
7113.25 1986.82 8317.82 7219.53 30740
4094.97 3792.69 5289.16 2064.98 12395
8623.62 5323.03 2750.33 1185.46 28872
5097.2 6860.66 8642.23 6690.05 11018
8926.36 6670.28 2407.3 4582.8 19270
5480.82 6444.63 9349.04 6240.87 15080
4499.34 2323.48 2380.44 7112.17 21411
4220.1 2215.52 7823.42 3604.44 30119
2875.15 6661.16 834.071 7364.59 27831
8277.23 3120.58 3887.14 4959.3 28529
5833.92 6479.6 2494.89 7443.66 25701
7466.35 6614.02 8893.09 7145.32 29995
3346.05 3463.02 3216.96 4852.55 27801
4925.08 1955.5 1579.33 7794.31 22862
3838.62 4078.57 3350.93 3681.38 28751
4861.6 1921.13 3164.16 1202.49 31628
4631.79 4615.64 9674.06 5801.41 30651
4289.38 4749.15 2891.32 7456.74 29196
9690.85 5808.1 5264.14 6586.65 29554
3838.01 4408.23 3143.71 1635.87 29186
4110.54 580.567 2389.6 4761.62 15545
2639.55 9515.03 4116.34 1882.81 23138
8652.3 6887.73 5029.45 2501.09 26211
4591.51 6140.81 4598.83 6241.17 19945
4412.06 1849.66 6330.76 6754.83 19484
5374.61 4989.41 3713.19 4275.33 29323
8196.66 7238.69 7446.82 3536.93 12702
6758.93 187.643 4844.51 1812.86 18798
4702.6 5818.14 5741.45 6696.44 15935
1054.11 7363.98 91.5555 4183.49 26945
3361 6354.91 5408.19 6373.16 23709
3887.14 8872.12 4965.36 2963.96 22220
4011.05 989.914 2766.81 7944.25 31854
5250.1 4486.39 9725.33 7140.45 14346
8512.22 1171.17 3267.92 7007.25 31954
2533.34 8070.76 5811.64 3609.61 32178
7070.22 7512.7 3917.66 3285.72 29495
4649.8 458.006 337.23 6975.93 27757
6639.61 6873.44 2867.82 6667.55 29873
5974.91 4162.5 7680.59 4753.11 32502
5575.43 4318.52 8752.71 6666.63 14633
816.37 7311.07 4711.14 5451.98 27787
4761.5 4842.52 7376.02 6835.42 19395
5798.82 1901.97 4019.29 3712.71 30855
3865.47 8298.55 4619.59 2206.09 27884
4788.66 932.435 4675.44 6340.92 30265
4478.9 3671.35 5715.2 6142.63 12260
2180.55 6384.71 4711.75 3721.53 30096
2445.45 7909.27 4998.02 7669.63 31107
3239.84 3774.14 5429.55 4379.04 31428
5915.1 876.781 7382.73 3080.14 23228
2347.79 7788.54 5913.88 353.997 29818
4459.67 8881.24 6457.41 3831.01 27608
8185.06 6645.95 6931.67 4543.57 15550
9151.89 4691.37 4934.23 4371.43 26827
4518.57 5479.95 6105.23 7557.1 21095
4557.94 4297.23 4217.96 5524.36 25520
7637.26 1053.47 4322.34 4341.33 28016
5420.09 6643.83 5583.67 6380.15 31502
2372.2 7221.35 3632.92 5581.53 28998
4019.59 1145.32 5130.47 7241.12 9993
5714.59 6633.79 1860.41 2222.21 26085
4998.32 7451.87 3594.78 3776.57 16144
4871.06 2721.58 4814.29 4404.89 14726
5083.77 4536.88 8679.46 4692.28 27394
5339.52 4598 5569.93 4116.28 19193
5745.11 6541.94 7439.8 3661.92 22297
4864.04 2917.43 4516.43 1968.57 30232
4407.18 3525.98 7454.15 1378.88 28675
7217.32 6496.02 6610.92 7604.54 32169
3638.42 7391.96 3562.12 7396.52 31915
3616.75 7349.69 5642.87 425.465 25102
2383.5 9666.18 4871.06 2904.05 27403
5704.82 1717.07 9064.61 5845.81 29292
5551.93 6630.44 5936.46 5007.65 25694
3976.26 4277.16 6766.87 3842.87 31804
4225.9 4525.02 5511.64 6666.63 20864
9281.9 5414.87 4565.26 4583.41 21756
5325.79 6858.23 4339.73 4314.87 19780
8852.2 7045.57 8529.92 1326.88 32167
5369.12 6599.42 7097.38 5327.59 30955
4895.17 4308.48 4127.32 1940.6 23911
4165.47 1995.03 4647.97 4628.11 21792
5746.02 6609.46 4618.98 2206.4 30446
1183.81 7383.75 7977.23 4165.85 32549
2053.59 7512.09 3524.58 2293.68 28139
6161.69 3824.93 4287.85 4393.33 29201
8260.75 4924.63 4458.75 6379.85 21510
8251.29 626.489 5198.22 6433.07 8418
3802 5141.16 4608.6 4563.64 26417
6108.89 7446.7 2738.12 6635.31 24192
1198.16 7061.99 8829.62 4827.62 31674
2141.18 7322.62 4591.81 452.836 21387
5568.41 6224.44 7482.22 1669.93 23785
6937.77 7602.41 6918.55 2426.58 27210
5159.15 4269.25 4043.4 1633.13 27536
2604.14 7477.42 9509.87 4490.04 26510
3172.7 1581.43 1901.91 7340.26 24597
4565.57 2258.4 4563.13 2458.51 20968
4430.98 6138.68 3916.44 6769.43 32107
5311.14 6581.48 3099.77 3370.57 18175
7241.43 6718.94 6538.29 1598.46 32747
5172.58 7914.14 4154.79 1515.13 25274
2356.33 7431.5 5718.25 6543.47 10360
6130.56 1513.91 2768.64 1529.73 27557
2509.84 8060.42 5203.1 5000.66 29381
6576.13 7248.42 5272.99 6576.61 15880
7066.56 1323.23 4662.92 4366.87 22315
7347.64 2123.37 3744.32 3379.7 29008
6893.22 1974.66 4680.32 6240.26 22199
7033.91 2170.51 6377.15 1883.72 16381
4294.26 1618.53 3285.01 3622.69 8953
3587.76 3901.57 2944.12 8892.5 24532
4945.22 3860.82 2777.79 4851.03 31376
4918.67 3427.44 6099.73 2422.02 28067
3592.64 4167.37 3314.31 3240.41 20759
2190.01 7980.44 6219.98 6647.47 28850
4412.37 8878.2 4283.27 4750.67 29170
5184.18 2051.6 6307.26 5656.95 19743
3622.55 8914.7 5671.86 7590.25 32056
6096.07 1366.72 8306.22 1611.23 23430
6450.7 3876.02 4454.79 3706.63 30249
5285.2 6314.16 5456.4 5099.8 27988
4256.11 3512.6 8536.64 1074.76 25008
6380.5 941.862 3959.17 4557.25 30881
8427.69 4926.45 4866.48 3172.59 31057
3338.42 3774.14 4802.09 2375.79 31550
4466.38 2848.7 1928.16 7845.1 25888
5341.65 4360.49 3574.94 3442.65 23718
5424.36 6785.55 4261.3 4329.47 32752
6478.16 6459.83 3734.86 4438.95 23090
2141.18 7378.28 6428.11 2423.24 25060
4296.7 4522.28 3959.78 3811.85 29918
4541.76 7581.13 5922.73 6635.01 25416
5685.9 4318.82 6124.15 7324.14 31082
4627.52 7603.63 6156.19 6620.41 19610
5802.79 6374.07 6799.52 2422.93 32209
3591.42 7300.12 8026.67 1005.73 30851
4025.09 3783.87 6094.24 1948.5 27314
3279.52 4299.36 919.828 4667.95 31192
3957.03 1186.68 6474.2 737.189 30768
7524.95 1161.13 4199.35 569.923 26258
3681.45 3567.03 526.444 2210.65 23510
773.949 4441.69 9937.74 7292.82 27763
9135.72 3584.98 2022.46 993.867 23843
5103.61 2051.6 3409.53 3918.6 32644
2126.22 7553.45 7836.85 408.434 26417
5979.49 2325 3923.15 3238.89 32203
3932.92 3706.32 9992.07 6439.15 31597
