1000
4522.86 4262.92 5724.89 3814.67 2516
5546.02 4195.29 4214.49 4378.94 1759
5407.11 3739.57 4668.66 5391.28 3023
5461.98 4192.54 4955.6 3490.18 388
3952.93 3792.09 4784.85 3072.85 3352
4982.52 3224.81 4700.58 3526.22 1478
6141.71 4153.32 4249.83 4613.23 3185
4592.41 4238.17 6128.67 3560.57 467
4366.97 3942.61 4204.84 869.404 3259
5034.98 5358.25 5410.33 4434.46 3654
5371.64 5288.71 5555.1 3534.16 3854
6284.7 3795.25 4118.18 4699 420
6214.35 3314.09 4029.47 2570.72 1886
6565.24 3958.74 6193.32 4312.1 3427
5423.96 4418.24 5616.34 3800.53 2431
3999.73 982.686 4840.61 3153.58 3227
4247.51 4645.79 3329.33 3099.6 3296
4013.93 895.628 5546.12 3635.92 3795
3694.92 2460.39 6519.23 4095.62 1394
6245.35 4529.95 5299.81 4079.38 2037
5065.36 3411.13 4366.87 2259.44 3078
5068.72 4444.15 4768.89 5101.55 1787
6584.15 3675.52 4782.39 2643.03 615
5181.99 3860.83 5158.31 4665.96 3971
5332.41 3745.95 5749.43 3860.04 1167
4976.28 4717.24 3284.86 2218.47 1774
6539.43 3806.84 5368.43 5004.43 2430
6078.2 4726 5569.93 4480.21 2382
5150 3569.68 4673.47 4741.9 2954
4400.63 3779.64 4796.03 3510.38 2412
4395.86 2287.24 4819.11 3035.76 272
6276.57 4462.7 5991.72 4464.73 2117
6293.55 4543.05 4537.64 4257.29 2143
4855.96 4907.28 5760.31 4218.73 3070
4882.05 4471.55 6250.16 4478.07 3135
6128.92 3389.31 5179.4 3358.32 187
5295.14 3301.85 6633.4 4011.53 1884
6488.99 4123.73 4734.26 5312.11 183
3818.99 1260.58 5958.18 4602.96 1711
5365.51 4398.51 4748.92 4990.93 334
5011.46 4708.71 4449.19 2267.72 2994
4123.23 2012.69 6462.06 4121.58 2731
5011.42 5218.07 6554.22 3992.24 386
5400.93 5332.17 5341.11 3734.5 3165
4640.34 5219.57 5940.89 3173.96 3165
4042.85 3915.28 6185.58 4401.9 686
4492.74 2978.9 5779.09 4838.39 3596
3932.05 3757.93 4396.08 2041.46 222
5151.2 3305.2 4918.65 5057.97 1266
5254.66 4920.88 5604.43 3825.82 1437
5244.36 3027.61 3353.82 3361.98 3325
6184.8 3504.44 3317.67 3068.7 1022
5073.79 5203.02 4878.63 4733.89 221
3994.6 1038.71 5182.46 4519.22 1810
5366.44 4457.6 5472.45 4099.55 875
4334.92 4696.04 6080.48 4623.76 3765
5939.12 3824.48 3870.31 3361.07 988
3341.52 3117.86 4215.33 4832.45 3638
5177.2 3589.74 4452.92 2234.23 3993
4975.07 4554.62 4013.49 883.403 1725
4962.85 4705.03 6270.56 4118.71 1268
4431.92 4448.76 5726.26 3457.9 2934
4573.84 5264.34 5391.19 3754.43 2727
5587.14 3488.99 5754.81 3486.87 542
5785.22 4813.96 5669.8 4077.22 171
5660.85 5263.8 6281.06 4401.42 1097
5004.17 3708.55 4130.57 1619.66 1109
5016.37 4713.38 5287.01 5056.11 2315
3936.47 3497.52 5212.92 5366.81 1674
6150.68 4325.11 5084.05 5193.86 1539
6475.39 3995.31 5578.53 3788.51 766
3211.74 2334.16 6573.97 4068.49 3210
5603.91 3885.2 5382.52 3776.3 678
6064.58 3714.08 5045.98 3898.19 1586
5739.82 3345.8 6094.26 4138.61 149
6244.11 4704.2 6348.12 3747.37 35
5336.28 4919.82 5936.21 3779.55 1825
6680.75 4054.56 5850.26 4053.17 2641
4907.09 3862.09 4352.69 2055.63 3232
5200.51 4689.04 5066.5 3432.43 2084
4968.78 4524.45 4911.39 4632.8 2240
4541.56 4221.83 4328.16 4530.8 3961
5101.72 3189.43 3888.25 3926.56 469
5794.09 4203.53 5103.43 3923.81 1864
4425.13 3074.35 6514.65 4086.08 3333
4965.33 2820.39 3438.08 2864.16 1123
5409.13 5311.99 5436.09 3854.34 2778
6130.01 3837.59 4796.54 4533.4 760
3322.15 3077.24 5599.8 4186.16 2627
5085.98 3910.29 6676.35 3765.81 2285
5432.28 3270.42 6138.99 3658.3 772
4484.39 2205.53 5410.62 5069.72 110
5929.79 4028.08 5152.23 2964.56 3341
6341.94 4358.96 5167.6 3371.75 1033
4742.49 3604.52 6071.55 3649.55 1521
4512.67 4180.86 4997.97 4231.69 1366
5071.44 3553.2 6246.57 4542.81 1080
5147.25 4271.28 5047.2 4418.7 70
4955.44 3845.6 5593.18 3266.28 698
5983.7 4620.8 5501.59 3247.82 431
4875.69 4448.37 4587.96 4712.85 699
4013.3 1719.16 3381.33 2673.72 2754
4764.49 5308.57 4812.81 4806.15 322
4984.24 4743.33 5022.62 3396.39 3529
6508.91 4083.9 4979.48 4209.62 3208
3696.46 2458.83 4338.73 4216.51 3794
5091.47 4407.72 4395.7 2287.45 1173
4857.59 3778.79 4733.43 3649.2 2817
4988.29 5148.25 5521.08 4505.09 1939
5805.68 4798.87 4757.18 4598.2 2872
6433.59 3854.38 6209.62 4067.57 2172
5328.79 4811.28 5436.2 4388.93 2294
4004.77 989.273 3902.77 3121.51 1528
4435.11 2202.55 5777.72 4080.2 2631
4947.44 4523.56 4386.64 2114.64 3442
3869.41 4913.83 5178.97 4660.86 1569
5896.91 4597.98 5122.04 3334.51 1086
6235.73 4417.19 4798.4 4573.96 2170
5109.52 4449.33 5256.29 3743.66 945
4577.8 4791.26 6481.21 3798.49 2890
5250.16 5091.62 6581.83 3664.32 626
5241.4 3023.32 5918.56 3186.26 2922
5079.74 3294.59 3935.66 3164.11 850
6463.18 3753.57 5407.57 3845.26 873
3778.18 2665.57 4270.15 4338.6 3655
4863.33 3786.11 3601.11 2837.44 3297
3420.44 3511.41 4479.26 4601.93 467
4777.49 4532.01 5318.24 5295.13 2119
4932.77 4576.45 4946.34 4884.1 3091
6662.43 4108.2 5413.56 5387.23 3003
4490.42 2971.81 5186.03 5018.19 3841
6474.53 4138.33 3999.04 4266.75 3500
4741.61 2363.5 5260.19 4382.46 239
5506.65 4869.34 5920.77 3193.61 4020
5410.88 4211.72 5366.27 4400.9 1166
6071.17 3621.72 5274.68 5454.39 2594
5748.05 3792.14 4371.02 3151.24 268
6085.07 4649.01 5595.6 5284.31 1319
6409.67 4227.29 5474.25 3842.87 900
6521.29 3961.84 5857.87 3417.16 3491
4219.57 4741.12 5649.08 4697.03 1042
4866.44 3492.79 5607.21 4902.4 1405
5168.3 3738.86 6301.74 4377.03 3181
6067.59 3795.1 5719.38 4679.31 2991
6419.77 4307.49 3860.34 4902 3729
5435.44 5376.53 5233.98 3633.33 2374
5142.35 3865.76 5692.66 4701.03 3828
5663.43 3835.84 3908.06 1904.22 3734
6051.85 3203.75 6818.86 3774.96 1552
4795.33 3113.31 4330.03 4630.9 1211
4566.91 5350.28 6528.08 3982.29 2888
3765.41 1360.98 3727.11 2067.26 2588
3683.38 2495.85 4311.71 4203.37 1722
4242.74 4593.48 5899.89 4171.32 1489
6575.04 3829.38 6233.95 3521.07 1324
6693.5 3747.23 5064.75 3748.79 1301
4493.37 2204.41 6585.55 4072.52 3355
4918.65 5058.48 5723.79 3383.71 2074
5167.79 4325.9 4479.67 4946.25 164
5973.82 4367.79 4885.54 5528.82 2614
4330.47 1973.66 6177.03 4416.99 3982
4938.01 4513.18 5029.34 3202.29 70
4997.23 4566.4 4707.98 2626.1 374
6298.36 3352.61 6540.61 3996.74 3483
5781.33 4246.65 5254.95 4660.47 178
4187.07 1790.25 6535.53 3844.96 1127
6132.04 4037.27 5265.23 3686.69 871
4990.06 3150.27 6043.29 4822.77 633
6111 4521.17 4992.46 3644.69 1222
4193.03 3478.85 4477.79 5369.71 344
6429.76 3863.64 5546.12 3906.41 3576
6228.05 4633.76 5257 3746.81 2972
3691.03 2504.6 4660.07 4504.52 1646
3731.93 4277.27 3976.29 2013.76 2480
6292.92 3817.71 3707.24 2097.75 668
4857.28 5548.08 6003.63 4399.73 4010
4081.47 3660.44 4810.38 2911.2 917
6586.21 3685.25 4885.15 3697.08 1086
5076.14 3304.61 5180.88 3596.71 2915
5440.67 4698.51 3542.13 1699.52 3667
4124.68 4693.7 5352.32 4958.93 2802
3747.57 4296.71 4372.46 4530.66 3299
4563.46 2187.14 5112.01 3229.13 827
5186.66 3072.02 5168.68 4889.9 1505
5602.93 4191.16 5241.89 5359.59 2927
4994.12 3678.03 4779.77 2626.92 656
6542.3 3995.72 4633.73 3659.34 3852
5401.83 5421.37 5190.53 5079.12 3033
5260.57 3047.68 6125.55 4777.51 2299
6315.29 4582.44 5269.83 3683.47 2534
5013.11 5252.14 5356.22 5057.57 2026
5107.41 3630.62 5452.13 3964.52 1590
6135.19 4035.14 4857.16 5347.88 415
4264.55 2517.28 5256.96 3165.01 919
4896.56 3809.53 4167.77 5142.13 1357
6085.39 3190.59 6185.99 4850.14 3621
5956.59 3126.86 4005.22 1726.15 797
5109.05 5494.69 4919.03 3477.98 3808
6361.99 3422.19 6427.32 4196.85 2971
4834.36 3400.59 4067.79 1734.66 159
6234.69 3692.53 6036.97 4110.98 1128
4313.62 5094.23 6322.83 3873.2 3491
5656.22 5336.12 5137.85 4255.71 1341
6441.61 3836.87 5519.87 4432.82 714
4852.38 4750.42 5363.16 4453.89 3753
4223.53 4838.44 5407.39 5313.73 680
5397.54 3430.75 4208.99 4283.58 3612
6060.67 3560.26 4386.51 3854.89 1206
4960.38 3941.27 4856.17 4400.45 157
5184.21 3345.22 5906.86 3222.32 1156
4287.75 4761.84 5543.97 4208.81 1403
4753.38 4221.56 5107.14 3125.7 1025
4415.82 3504.1 5371.74 4175.95 3860
4208.49 892.426 5311.21 4378.02 1593
4953.13 4855.92 6063.15 3224.01 3904
6770.53 3744.16 4234.5 4394.43 2454
4922.85 5377.8 5203.46 5322.3 1926
4980.99 4937.26 4903.39 3865.47 3557
4689.65 4093.89 6372.92 3754.26 228
5017.28 3801.71 3879.35 1112.82 1098
5236.5 3663.49 5366.81 4499.64 2978
6367.16 4645.32 3909.3 4968.32 2540
3422.34 2889.7 3488.66 2845.31 789
5175.15 4514.38 5013.9 5273.5 1188
4896.18 5376 4457.78 4363.44 127
5586.04 3673.04 5061.88 3524.35 679
3997.68 2155.89 4198.56 2172 2841
4794.31 3514.07 6321.7 4762.16 2229
4927.05 2251.63 4769.65 3557.36 2770
6314.11 4147.52 3427.57 1955.99 2407
5679.85 4702.52 5191.31 4173.45 2642
4991.97 5503.02 6481.3 4104.76 262
5351.75 5009.51 5120 3586.82 3766
5739.58 3446.77 5386.57 4007.31 1769
5929.2 3338.17 4720.21 4774.03 3531
6336.26 3399.58 4352.37 5012.04 2868
5027.23 3935.44 4791.81 4594.36 3175
5129.28 5020.5 4992.57 3273.08 1731
5600.05 3664.64 5741.49 4903.41 4023
5436.86 3961.84 6013.52 3690.73 209
4782.62 2986.53 6452.22 3738.85 579
5994.72 3951.65 4044.94 4261.6 2530
3264.39 2235.11 6529.19 4030.96 3330
5632.85 4076.74 5102.79 4163.85 2617
6500.11 3974.5 4568.3 4988.51 118
5785.03 4080.35 5391.66 4776.16 3197
6450.94 3985.15 6402.21 4089.86 1942
5386.62 5368.94 5332.99 4916.32 1362
4932.97 2269.03 4059.29 4229.67 4013
5117.38 4394.92 4865.08 5473.65 1152
3264.39 2234.92 4953.66 5401.96 1231
4898.54 4746.01 5200.64 4062.78 2929
4280.32 4455.69 5957.27 4691.29 788
5560.92 3518.28 6623.98 3812.29 1816
3877.27 4924.92 6321.82 3415.33 56
3966.86 1083.93 3386.74 2026.42 2475
4411.19 3497.19 6479.82 3970.2 1690
4961.94 4805.57 5107.94 3106.02 646
5063.49 3151.56 5006.65 3422.85 2529
4401.77 1749.18 5755.77 3349.34 3757
4801.55 4386.63 6321.8 4755.35 1352
5022.57 3530.44 4479.21 4299.01 93
4948.03 3328.88 5200.69 3733.69 461
6080.77 4713.09 4313.93 4477.55 1755
3352.24 2077.09 4060.04 3376.11 2075
4981.13 4740.85 6267.68 3453.35 3872
4462.73 4355.88 5454.67 3808.87 1010
4598.56 4914.26 3586.39 3631.88 2044
6535.51 3936.22 6105.32 4917.81 1820
4820.79 4688.51 6506.41 3965.46 1145
3972.32 4436.3 4862.71 4429.08 991
4747.73 3505.66 5384.28 3509.84 3786
3889.3 4415.41 5135.81 5070.38 1423
5873.81 4111.87 5279.14 5249.37 1593
3901.66 4268.93 3955.15 3820.29 3533
4711.89 3523.75 4883.52 3340.65 1816
6485.71 3796.46 4843.15 3859.13 560
4680.8 1753.51 6036.07 4112.82 412
4055.75 2203.95 4957.64 4385.73 3364
5970.06 4294.48 4775.67 3064.01 2251
3818.99 1260.58 4069.77 5120.35 1288
6055.36 3580.53 6330.37 4664.45 3770
6253.4 4237.83 5336.57 5312.89 282
5161.75 4804.09 5084.95 4398.1 1298
4718.95 4531.59 3682.52 1728.17 3033
6554.66 4104.34 4348.8 2662.18 3739
5700.3 3550.44 5648.93 3367.52 216
6200.58 3801.6 4579.26 4104.67 748
4898.2 5373 4870.95 3486.71 2670
6075.4 4770.62 5353.61 4962.47 904
5481.58 5283.88 5948.54 4457.63 2126
5939.09 3174.55 5406.56 5253.77 794
4038.77 3280.1 6386.01 4711.35 3153
4625.73 4739.36 4487.39 2206.04 1899
6378.11 3886.17 5275.34 3752.42 3523
5084.74 4400.75 5125.19 5259.96 911
4849.15 5557.7 4690.28 4483.37 2304
5068.28 3926.59 4437.31 2199.92 2857
5411.34 4219.94 6010.36 4822.55 718
5295.66 5337.82 6221.51 4673.71 3813
6225.44 3558.51 6009.21 4166.47 1993
5665.26 4005.12 3592.96 3622.82 324
6202.19 3887.94 4336.42 2021.27 793
4918.89 3146.05 5119.12 5359.17 2672
5871.33 4696.9 5394.29 4451.17 820
6000.24 3867.2 5304.21 3668.75 897
5217.91 4253.92 4984.8 4203.41 2531
5110.09 5366.68 4616.1 5409.23 2613
3420.88 3511.03 4037.77 1731.74 2485
6308.91 3794.55 5650.62 5202.52 1828
4959.69 5115.16 6032.2 4431.06 181
6192.83 4006.42 3820.63 1247.06 3374
5944.54 4783.05 5130.37 4168.21 2072
4478 3802.44 3683.42 1731.08 391
6615.84 4018.55 6213.47 4718.52 3976
5206.8 5342.68 5601.09 4177.93 1938
5539.67 3731.24 5935.04 4033.02 2990
6582.29 3975.07 4658.37 3064.38 1472
5231.74 3107.28 4290.41 4645.14 3033
6604.86 3858.35 4445.66 3539.89 3988
5744.21 3703.1 4898.13 4987.62 3546
5702.66 3487.04 5238.12 3851.45 211
5316.28 3970.13 4486.69 5368.09 1522
5591.19 3927.13 5464.67 5276.68 118
4861.23 2359.46 5900.11 3459.24 189
3837.23 1836.88 5396.17 3500.78 401
5335.17 5271.91 5217.91 4069.19 1395
5019.76 3921.38 3573.16 3274.79 311
5009.49 3475.66 5806.68 3904.72 3327
3971.87 3286.29 4669.55 1849.72 1416
3399.63 2737.99 4191.77 4541.24 3755
5425.57 5085.93 4991.86 5012.18 2554
6387.78 4007.22 6466.94 3769.87 20
5310.27 4914.77 6080.1 4751.29 294
5462.01 3804.61 6410.96 4165.89 120
6308.63 4045.61 6099.46 3302.44 1962
4785.67 3526.33 4206.19 4963.79 480
6474.49 4464.6 6172.16 4385.23 2342
5078.26 3153.15 5340.65 5061.68 3055
5813.39 4784.65 5443.32 3992.78 1829
4984.52 3224.57 5227.35 5399.43 1242
6049.04 4417.37 4901.91 4755.82 675
4614.79 4774.34 4716.13 1703.34 1323
5390.98 5035.62 4365.48 2113.45 3029
3897.52 1111.58 3981.67 3630.21 3841
5289.97 4791.15 4421.48 3073.52 2272
5768.82 4221.18 3947.32 3231.02 2775
3622.15 1634.94 5094.67 3710.27 509
6371.43 4068.26 4463.48 4453.45 3501
3943.85 3820.88 5373.32 5111.72 1557
5101.52 3128 3427.9 2861.29 3034
5648.46 4415.56 5706.14 4315.38 648
5435.69 5346.61 6434.55 4403.79 887
4773.84 3073.3 6644.45 3599.84 2379
5032.99 5072.91 6498.15 4110.5 25
4668.63 4407.15 5928.79 3279.94 3581
5479.8 3270.75 5871.7 3387.89 2657
5344.06 3504.18 4319.06 4089.65 2121
5213.3 5365.42 4783.27 4743.54 2239
3975.49 3531.41 6224.07 4414.96 3142
5723.41 3278.97 3782.44 2987.16 662
4667.53 1868.56 5489.14 4077.28 3826
5000.09 3964.03 6739.44 3753.23 2587
3593.64 3624.04 5334.12 4995.33 1580
6628.91 3826.47 6419.93 4093.73 3019
3795.66 1822.34 6644.28 3787.57 479
5222.7 5310.47 5244.16 4761.67 3970
4846.68 4796.45 4869.05 5238.84 3330
5727.58 3379.95 4060.33 4257.29 3347
4304.97 4034.24 5237.55 4540.17 2477
4782.18 4703.77 5940.85 4047.48 2665
4023.03 787.209 5736.34 3322.63 1197
6510.87 3991.26 4578.54 4072.59 625
5645.21 3569.38 4845.99 4400.9 1219
6245.78 4456.95 5366.42 4596.64 1550
5387.74 4764.78 4743.48 4949.23 1239
4587.61 5262.82 4117.26 1751.83 719
5466.21 4778.75 5818.66 4584.82 1564
3269.25 2426.95 5109.83 3660.02 317
5859 4319.23 5093.54 3691.33 3394
5222.11 4610.93 5294.66 4461.75 2096
4285.93 4451.33 4750.83 5048.27 2672
5449.24 3222.66 5022.47 3862.87 3610
4572.81 4797.42 5379.59 4335.7 1597
5192.24 3610.06 6240.45 3711.39 4014
5091.13 4678.33 3335.45 3220.72 2509
5133.57 3730.46 3487.91 2845.82 3741
5477.07 3363.34 6076.65 4221.73 716
5490.55 3391.1 5271.56 4742.1 3923
5423.01 4416.53 4629.95 5240.69 2803
3440.42 3519.05 5994.66 3237.57 3518
6660.33 4033.37 4359.79 2665.04 1675
6362.4 3500.47 6184.42 4313.54 3142
4604.4 2886.08 4547.9 3924.32 1627
4446.43 3793.16 5507.11 3736.13 1063
4858.61 2975.18 4970.97 4520.82 504
5153.86 5198.03 5965.95 3121.28 1732
5422.13 4858.06 6500.76 3982.08 3393
4067.41 5112.52 4775.6 2621.82 1492
6476.85 3691.86 3986.06 3454.74 3910
4946.87 4434.56 4250.76 4603.15 2080
4883.22 3141.22 5011.79 4026.73 1221
5832.47 4318 4353.22 2674.25 1696
4915.92 5200.55 6500.04 3975.87 2773
5236.6 3295.32 5392.02 5067.94 796
4168.63 4845.35 4590.15 3950.01 2204
6034.79 4373.28 4262.24 4404.04 3929
6275.98 4062.28 4245.91 2515.13 2096
5267.23 3694.98 3299.57 3149.49 701
4741.84 5314.71 6220.39 4583.92 3517
6324.02 4624.88 5135.02 4381.79 1892
4135.33 955.983 5794.04 3350.14 529
5742.82 3347.13 4387.55 3109.74 58
5702.78 3279.47 4568.87 4701.85 1330
3734.96 1763.37 4625.82 3793.47 1475
4776.25 2622.66 5240.86 5513.34 1083
4199.92 1472.21 5056.73 3753.47 3348
5807.5 3905.59 5035.86 2878.91 2432
6110.13 4057.42 6313.94 4207.68 2645
4408.64 4391.91 5965.52 4934.93 3196
5037.02 3787.17 5020.48 3204.76 3453
5665.1 5194.84 5743.01 3890.35 2405
4774.17 5085.84 5313.86 4520.91 1823
5264.39 3160.17 5110.61 4390.78 865
6593.21 4090.2 4843.02 5008.57 1263
5402.4 4169.62 4444.8 2208.24 585
6075.18 4243.19 5249.41 4634.28 1328
4981.99 4053.83 4837.89 4759.23 942
5713.65 4333.45 5164.58 5258.62 2278
4950.86 4678.68 6294.02 3325.83 1896
5336.32 4522.96 5281.92 4928.3 991
5771.83 4859.78 6456.79 4096.51 770
5011.45 5036.48 4556.12 3013.94 1533
4976.52 3214.71 6322.22 3694.98 640
5385.76 4335 5350.07 4882.11 1014
4876.57 4064.04 6576.21 4012.95 2004
6030.93 3609.82 5427.89 5374.09 3991
4762.04 4532.36 5921.15 3711.69 773
4825.39 5171.86 5239.68 5054.38 821
6124.33 4925.17 5937.07 3181.4 457
6056.12 3753.85 4691.37 2974.2 3286
4841.38 4982.54 6085.04 4485.41 1211
4354.19 2242.12 4998.62 4261.76 1244
5166.23 2983.62 4634.51 4225.56 1743
5327.83 4998.51 4787.54 3089.88 1973
6554.36 3992.88 3998.09 2148.33 2280
3869.7 1116.36 4766.55 4623.41 2770
5204.48 5312.88 4594.8 3979.69 2569
5400.96 4156.13 4863.3 3196.1 3188
5095.76 4301.75 4115.28 3599.99 420
5073.58 4087.36 6065.41 4401.71 3350
4060.02 5123.37 4657.76 2274.35 2883
5774.74 4618.01 5044.46 3911.75 2227
5089.01 3708.91 5233.64 4525.12 2186
3337.25 3027.07 5321.55 5386.87 1390
5229.16 5356.95 6631 3970.06 3364
4968.51 4891.95 3784.92 1790.23 1179
6640.31 3963.15 3142.53 2455.19 3460
4736.91 5191.06 4317.37 4088.7 806
3951.35 3776.31 4890.36 3273.09 1927
4753.29 5025.96 6043.23 3204.08 3681
5807.83 3444.8 4945.25 3851.53 2230
5434.88 4547.6 3875.75 3033.79 2415
5641.28 4058.39 6514.38 3997.59 862
5550.67 3716.74 5370.27 5313.41 3764
4073.54 3871.38 5360.58 4442.89 3821
5854.6 4468.1 5001.95 4897.78 1464
3971.64 1990.34 4992 3640.46 1321
4442.65 4286.41 4909.15 4964.94 2862
3579.71 3259.59 5451.76 4026.52 1506
6249.11 4522.37 3703.43 1743.95 1623
5964.66 4975.76 3937.99 5012.55 2835
5222.35 3299 5352.78 3572.53 2504
5920.12 3579.13 6039.67 4069.17 1827
5076.43 4108.98 6086.04 4425.66 1087
4309.19 3183.55 4945.03 3362.08 1859
5742.82 3347.13 5113.81 5020.35 60
6572.47 3844.96 6685.71 3765.28 1250
5399.6 5403.81 4479.08 5221.05 286
6262.97 4137.91 5103.71 2954.38 3917
5008.85 5035.6 6629.4 3780.4 3258
5159.87 4785.75 5554.05 5289.65 2609
4700.27 1731.05 4779.86 2337.69 577
3770.86 1789.52 5160.85 4065.87 498
6619.38 3837.07 3788.41 1816.07 1244
5287.01 5056.11 6272.89 3448.46 1000
6068.55 3710.04 5010.16 5243.75 3815
5407.31 4437.06 4966.2 4711.79 3345
5589.38 3258.4 4849.97 5493.31 842
4001.32 975.799 4667.36 5447.92 366
4492.82 3808.73 5032.45 3919.97 2258
5953.17 4687.72 4587.11 2904.48 3569
5471.48 4756.38 5856.94 3383.09 2210
5545.39 3744.85 3319.99 3157.32 1941
4753.9 4800.82 4946.84 4703.43 3025
4978.3 5234.31 5582.97 3664.08 550
6216.22 4327.26 6085.31 4438.77 2238
3805.61 2554.6 3994.93 4443 2633
5705.1 3583.56 4789.27 5025.75 2015
4572.27 3888.68 4479.12 2277.25 3864
4755.13 4591.52 5035.38 5078.7 3076
5020.64 3879.67 5009.82 3941.23 535
6341.56 3441.02 4249.07 4727.45 2220
4848.4 5337.48 4974.68 5192.19 751
4242.04 3498.56 6036.18 3779.77 3084
5350.97 4173.51 5011.02 3248.52 3041
5019.12 3416.08 5611.61 4096 2667
5477.07 3363.34 5826.83 4352.93 2183
5409.89 4238.62 3268.3 2234.78 2027
5227.13 3708.97 3870.57 4922.97 657
5632.21 3756.09 4847.6 4401.42 2931
5044.92 3894.63 5409.49 4411.64 3126
5372.96 4935.42 5230.63 5279.33 3772
3607.64 3598.05 6148.82 4313.37 1729
4008.97 4439.72 4632.06 3496.82 2549
5269.24 4956.79 6420.73 3917.03 1155
5467.98 3326.35 5964.64 3122.66 2326
6612.18 4071.69 4707.76 3063.65 2489
6578.77 3772.55 5886.76 4159.56 2052
5053.31 2937.22 5123.26 4166.17 280
5417.97 4509.05 5394.05 4454.62 2686
4262.65 4644.46 5287.2 4532.68 3085
5687.51 4300.19 5754.44 4903.4 1616
6377.63 4248.22 6041.99 3438.06 2313
5752.6 3334.49 3859.04 1120.92 2072
5070.34 4692.82 3988.72 1065.69 2824
4079.86 4434.47 5777.03 3224.01 435
5323.15 4838.41 6656.57 4025.11 3351
5335.19 3649.89 5706.3 3634.43 467
5225.03 4094.59 4418.02 3504.1 61
4284.18 2526.01 5562.51 3270.32 2137
4705.62 4482.43 6069.05 3765.08 612
6469.7 4438.22 5316.36 3381.19 1910
4606.87 2208.78 6310.37 3538.72 1323
6198.02 3866.14 6078.24 4715.31 2382
5358.29 5355.05 4012.31 2580.35 1357
4885 2576.84 6554.08 3999.71 3686
5392.48 3889.47 4693.36 4189.46 2472
6443.69 4175.51 4961.17 4559.44 3980
6039.02 3763.54 5069.49 3393.57 4019
5016.9 3273.37 4981.33 3223.16 3645
6299.69 3564.84 4262 4446.04 2082
5834.47 4761.43 4180.39 4961.47 1917
5185.65 3980.44 4149.82 1982.43 3668
6118.53 4151.03 4862.9 5436.01 3304
5456.9 3839.83 5363.12 4130.15 2556
4547.19 5355.25 6625.38 3818.32 3315
5222.15 4086.49 5088.1 4679.28 4014
5991.79 4855.65 6177.85 4392.65 1994
5408.93 4235.74 4657.73 5217.08 2802
4732.71 2348.29 4982.65 4796.65 195
5033.5 3879.8 4488.17 3571.47 2401
4336.89 4696.75 4584.58 2127.84 1067
5219.82 3639.87 5086 2949.53 3407
4863.38 5435.46 4984.1 3053.15 2247
4781.75 4649.69 5285.92 5076.32 2916
5553.07 4418.67 6609.79 3797.89 2239
4452.45 2234.36 5775.92 3845.25 3428
4632.37 1980.56 5067.16 4064.08 1189
5079.35 4683.8 5751.02 3826.43 1264
5018.88 3202.3 4963.74 4936.38 82
5562.02 3293.88 6453.35 3985.66 2457
5148.49 4020.24 4955.73 5387.19 838
4375.71 2261.99 5412.87 4300.18 1643
4141.45 1989.75 5447.27 3569.56 40
5003.14 5029.85 4608.88 4038.38 3514
3274.52 2484.39 5408.93 4431.16 3972
5225.07 5520.18 5412.41 4039.24 474
6259.72 4050.85 6343.77 3347.84 3163
5059.49 4160.68 4641.62 4302.91 1710
5018.93 3734.58 5182.47 4367.5 1728
5052.29 3903.68 5664.13 4404.55 3688
4574.75 2878.49 4000.29 3548.05 1682
6088.7 3403.57 4896.51 3324.65 2842
4966.49 4519.31 4053.02 2557.59 1337
6002.53 3252.39 6500.76 3982.45 1017
3694.49 4178.64 4556.04 5048.23 3660
6345.85 4024.38 6114.6 3936.84 536
3748.27 1432.51 5034.89 4195.17 3420
5438.82 3973.08 5331.4 3648.64 113
5307.33 5159.56 6550 3768.6 1577
4862.49 4465.8 4163.81 1519.11 816
5414.66 3687.25 4503.27 2213.41 403
3661.34 1566.37 6065.84 3578.96 106
6349.07 3510.45 4981.89 4093.34 3405
5304.51 3176.91 5841.82 4140.8 2573
4642.26 5218.4 4855.51 4400.45 2137
4812.65 5162.75 4135.3 1998.34 1286
5560.25 3823.94 6253.73 3754.08 412
4846.96 4793.46 6675.42 3757.64 3492
5167.65 5396.31 6239.07 3770.97 1351
3362.04 2640.81 5379.19 4433.17 727
5266.99 5449.27 4845.72 5035.43 775
6338.98 3952.12 4513.08 4451.86 2961
4171.69 3475.74 4851.89 3780.84 2013
4186.45 5135.31 4896.53 3809.37 1327
4449.84 4561.38 4735.64 3508.27 2915
4628.12 5325.83 4886.54 4735.27 1755
5282.75 3080.58 5531.5 3401.82 1960
6153.27 3832.59 5539.17 4135.42 3769
6117.79 3648.02 6047.81 3773.17 3741
4184.96 4786.83 6248.8 3730.95 3436
3962.87 4115.83 5397.51 3475.89 3230
5645.61 4690.91 5564.87 5225.2 3614
4825.01 3398.6 5583.51 3610.94 3382
6025.52 4177.03 5266.84 5356.02 1069
5179.6 3007.92 4936.76 4595.05 1864
4822.29 2342.11 5023.62 4946.01 3399
5041.46 4716.84 6641.65 3798.5 3644
5221.19 4269.17 5907.48 3586.7 3725
6229.66 3539.91 5695.46 4157.38 269
5346.74 3937.81 4646.69 4272.17 3253
4886.33 4477.88 5605.64 3601.88 3149
5802.98 3256.93 4238.34 954.815 809
5261.14 4707.33 5637.68 4913.16 859
6035.33 4430.54 5248.02 5094.78 1133
4872.72 5486.09 6329.22 3588.1 917
4403.45 2192.69 6056.48 4434.58 1799
5177.04 3987.5 3666.67 1718.69 152
3976.92 2024.48 5508.79 3294.22 1213
4791.26 4601.14 6220.05 4017.73 3085
5414.35 4386 6180.15 4058.95 1220
4396.32 2138.46 5315.43 3381.19 2737
4739.26 4316.69 4703.37 3625.72 796
4860.84 4274.34 5342.57 5360.35 1022
6443.66 3803.63 3968.82 3287.62 954
5889.98 3265.78 4333.98 4612.38 3508
5164.39 5501.66 5401.1 3673.51 3597
3276.67 2513.61 5372.14 5316.88 1184
6324.28 4613.8 5252.65 4628.41 783
4906.8 3286.73 5357.62 4582.81 3441
5032.99 5414.03 4717.52 3623.66 1481
4000.54 2120.61 4784.24 5417.6 1175
4767.28 3573.04 5092.64 5023.16 3935
5179.62 4660.06 3308.15 2594.42 24
5247.09 4908.66 5255.92 3166.42 2585
5877.76 4693.72 5172.69 3018.27 2975
5889.29 3880.38 5203.95 4693.5 1415
5273.54 4789.07 5142.7 3426.18 1868
6342.09 3438.58 4657.35 5149.78 1264
4813.22 4554.03 4935.81 4926.87 738
5396.24 3885.17 5416.65 5349.52 1707
4883.65 4010.22 4373.31 3149.39 3107
4853.64 5231.88 4697.74 4377.37 3476
5599.8 4185.47 4398.94 2207.6 2597
4656.61 2877.75 4099.72 2227.23 3287
5397.21 3663.52 5324.78 4174.6 2585
5685.43 4894.43 5543.1 3936.53 2938
6455.08 3839.99 5072.99 5147.33 2509
5153.1 2981.82 4557.66 5256.74 3956
6274.32 4471.34 5065.24 5131.11 1190
5438.42 3965.41 3726.65 1751.94 1072
5550.85 4893.64 4200.79 3483.96 1956
5559.72 3828.14 5139.82 3062.84 1447
3376.89 2671.62 5287.69 5352.83 3736
5247.01 3475.98 5724.33 4068.34 1764
5817.97 3695.34 5922.08 4663.11 2563
6663.6 4110.85 3942.61 3298.49 375
5113.35 3224.01 5228.58 3655.18 26
5555.57 3426.19 4983.28 3735.55 1262
5723.12 4675.28 5337.62 4548.65 3462
4742.15 2594.63 5432.49 4162.73 1458
4817.3 3384.26 5172.52 3964.21 1688
3299.61 3145.76 5338.65 4512.57 626
6188.59 3301.15 4924.43 5110.51 857
4652.48 4368.44 5545.67 3750.13 24
3347 3297.77 5819.75 4590.67 1755
5204.37 5083.08 5464.45 5170.02 346
5928.87 4032.28 5759.31 4316.62 1141
6667.98 4033.37 4473.94 4447.58 3081
4733.2 1640.67 6131.61 4362.08 3788
6431.11 3986.02 6449.93 4166.97 719
5402.76 3881.29 5869.05 4695.6 3286
5909.17 4029.14 5303.12 4922.73 141
3722.82 4266 5572.27 3464.9 3615
6256.91 3714.9 6344.22 4699.9 946
4933.68 3211.08 4551.36 5355.85 15
4836.11 5531.6 6281.45 4313.08 2639
4731.87 3059.91 5448.51 3244.5 2623
5469.3 3216.93 3924.11 1096.74 3647
4269.53 4082.53 3826.22 3434.67 327
3908.12 3128.41 5034.69 3973.3 3835
4718.46 4251.52 5145.19 3782.06 2422
4269.35 4181.58 4870.7 5198.6 2537
5500.56 5201.95 3591.19 2837.19 1542
5408.96 5167.71 5883.42 3751.64 538
4583.08 5428.27 4863.9 4381.15 3907
5574.54 4893.19 6337.41 4362.54 571
4845.39 3885.59 6624.6 3999.15 2457
5000.31 4938.8 6199.42 3836.5 1112
3778.2 2026.43 5961.29 3115.86 2699
5327.43 4458.93 5471.48 4755.69 3631
5095.61 4072.4 5124.86 5395.61 2444
4738.05 2346.03 6144.79 3590.99 2655
5955.98 4782.07 3773.25 1325.53 2098
6315.52 4583.15 4061.58 990.29 2522
3849.87 1128.95 4266.83 4455.7 1151
4411.48 1785.36 6326 4139.62 2253
6447.87 4170.46 3901.24 4268.93 1170
4430.83 4732.3 4644.9 3788.9 2741
6435.72 3952.75 6229.26 4604.42 2771
5853.62 3885.86 5295.87 4167.49 828
4377.53 3490.63 4416.84 2948.03 3736
6814.51 3771.26 5084.57 3283.23 1616
4698.6 2618.67 5231.19 4579.81 1647
4630.77 1984.51 5044.61 3665.18 2316
5372.56 5368.32 3315.17 3039.01 1848
5001.59 4249.53 6005.23 3641.96 3156
4905.86 3826.96 4872.13 5379.81 830
5365.63 5047.98 6371.81 3482.33 999
4929.94 2319.81 4961.58 5196.24 3206
5017.08 3416.92 6387.32 4342.82 944
4408.43 2265.07 6260.51 3453.97 2419
6639.01 3773.21 5923.99 4227.94 2468
4900.84 3356.88 5290.1 4462.3 1902
5489.28 5206.42 5215.74 3964.77 1864
4504.58 2214.12 4330.08 4193 3639
6348.08 3747.37 3908.87 3813.32 1489
5833.26 4585.01 5249.25 3812.33 2848
5295.87 4170.18 3681.48 2128.16 4002
5384.78 3230.76 5520.7 3822.68 3930
5148.33 4067.68 5331.03 5231.48 1242
4135.33 955.983 4343.98 4428.78 509
5260.19 3763 5037 3475.52 2516
5681.1 5190.94 5546.27 4186.99 184
4958.25 2676.49 5054.03 3900.66 2834
6129.74 4366.1 4247.59 4642.59 3178
4070.27 2144.15 5615.76 3802.83 549
5498.54 4874.33 5124.9 4166.63 885
5547.94 4893.17 4021 3558.68 456
3564.77 3521.3 5641.52 4083.77 1630
4443.06 3837.49 5372.92 5158.54 2809
5946.99 4782.36 6304.09 4642.9 1979
5292.83 3226.68 5376.09 3523.39 631
5460.38 4741.48 5989.24 4081.73 2456
6332.01 3408.23 4315.68 4475.55 451
5809.68 3721.29 5070.52 3424.63 3305
5952.02 4037.28 4308.75 4137.29 1094
4990.42 4271.02 5907.02 3224.01 2213
4632.39 3792.54 5156.45 5501.11 3008
4960.61 4826.07 5669.11 3821.39 3720
5777.61 4840.74 6542.08 3877.06 2433
4193.19 1871.34 6241.41 4777.76 3144
5295.95 4844.79 5751.14 4049.88 9
6322.61 4040.16 4327 4530.9 3539
6555.75 4073.71 4580.45 3840.2 862
5395.86 4508.67 5000.46 4938.54 3713
3638.73 1572.72 3811.32 1160.79 2634
4440.02 3790.6 4165.54 4648.78 2734
5124 5021.61 6018.04 4655.14 1735
6101.16 3584.34 5043.87 4711.05 3003
4953.51 3451.21 5982.34 3986.82 2295
5671.24 5194.55 5569.67 3339.9 2623
5355.84 3913.91 4934.52 5339.15 3400
4366.62 2261.91 4815.74 4360.31 2327
4186.28 5136 5132.19 3172.22 1081
5507.38 4155.34 5873.8 4111.87 2943
3401.41 2754.25 4751.25 4527.9 154
6058.33 3958.98 5854.08 4258.81 575
6285.58 3930.74 5417.73 4971.91 3744
4991.83 5011.73 5698.3 4037.92 3377
6045.88 3629.82 4348.81 2031.11 3906
6295.73 3382.87 5789.67 3456.22 2796
5661.12 3822.08 5355.2 4496.65 252
6408.35 4091.29 5576.72 4929.05 1678
5736.68 4158.43 4887.5 3194.8 2344
4279.61 4754.92 6167.97 4416.7 2411
5196.57 4405.61 5994.44 4262.91 3568
4535.47 4214.55 5483.07 3383.68 107
5288.79 5131.23 4994.97 3371.53 833
4975.36 4003.19 4749.2 4622.99 3628
4681.38 1749.83 6288.5 3593.32 64
4863.42 5100.49 3946.2 1082.09 3522
4485.01 4296.37 4901.95 4720.03 3773
5025.98 4468.93 5005.9 3887.98 2970
5437 3855.75 3688.94 2848.87 992
3373.57 2665.09 4448.8 2269.12 25
4408.75 1787.21 5718.25 4134.89 2236
5164.52 4671.44 6711.35 3697.31 3091
5612.17 4902.01 5146.97 3136.26 3573
5049.84 3930.42 6589.35 4062.14 2113
5878.62 4144.31 6010.16 4815.82 3552
5168.27 3306.83 4396.78 2764.81 1715
5011.45 5035.6 5617.89 3795.67 116
5981.99 3164.81 5072.69 3424.5 3253
5235.63 4532.17 5055.23 4357.21 3264
4283.59 4453.3 4629.25 4828.68 3490
5492.95 4867.65 5460.45 4030.41 4003
4177.59 3263.48 5171.08 3753 2743
5143.61 5259.4 5991.39 4855.65 1634
5798.31 3175.11 5435.28 5093.31 3736
4958.05 4384.97 6027.07 3340.65 1024
5134.46 5073.56 6434.94 3860.89 2572
6380.96 4653.81 4799.89 5467.87 38
4831.61 2284.32 3954.69 1729.29 1746
4586.29 5073.11 5247 3770.41 2654
3417.28 2764.52 3870.77 1114.19 2059
5364.45 4614.55 5037.91 4717.92 2054
4017.35 2575.97 6013.89 4526.16 1528
4849.63 5335.89 5959.09 4533.62 203
4862.91 5112.99 3978.35 3444.47 1588
5331.4 3648.64 5396.55 3481.47 51
5245.25 4166.71 4770.6 3822.99 188
5902.89 4661.28 3598.21 2841.48 91
5743.21 3810 4860.84 4274.34 400
5723.43 3491.27 5917.61 4200.17 3222
4326 3178.76 5437.78 4607.66 3263
4680.02 1778.53 4991.94 4270.21 2373
6494.92 3996.26 4919.11 4891.2 1878
5095.01 4299.06 5453.61 4088.42 612
5432 3270.42 5222.45 5310.1 1864
6024.13 4650.18 5172.54 5390.54 2117
5010.98 5287.23 3461.33 1899.59 2897
5309.84 3931.61 4640.37 3790.79 1979
5253.9 3166.91 5951.39 4602.97 3756
5617.61 4046.83 6338.69 3470.4 2248
6352.11 3746.1 3764.28 2687.05 3506
3566.12 3291.16 5397.85 3668.26 2193
3713.22 4248.25 4507.55 2286.86 3120
6006.9 3301.86 4888 2488.56 812
3592.08 3695.73 5939.98 3828.08 402
4897.44 3311.63 3628.15 4012.16 3594
5232.42 4135.1 5996.2 3240.55 1464
5286.83 5127.49 5359.77 4502.76 3895
5427.11 3823.64 6211.51 4575.76 3834
3385.32 2683.9 4593.62 3719.25 312
4248.55 4984.26 6134.33 3556.38 3933
6163.28 4633.05 6318.65 4708.03 3572
5275.51 3692.32 4458.21 3806.21 588
4331.96 1984.85 5019.1 3203.93 2362
4925.1 3623.23 5084.04 5498.92 573
5225.79 5389 4639.29 4823.82 3753
5018.75 3878.59 5416.56 4036.14 2200
4135.46 1731.96 4618.49 2887.42 2385
3423.73 3512.81 4875.41 4981.3 1192
5153.71 5498.8 6195.54 3433.84 534
3562.94 3339.54 4256.97 960.033 412
4945.09 3361.74 5990.72 4045.46 3265
5215.33 5483.88 5903.07 3255.21 2858
4860.06 5157 3456.38 1913.32 2743
5662.78 3802.14 4811.66 3376.73 3456
5627.84 4952.85 5830.1 3391.31 1959
5397.25 3495.93 5449.11 5127.82 2179
3385.32 2683.09 5697.6 4301.16 2365
5806.42 3446.49 6396.29 3837.07 2926
3813.95 1153.76 5962.51 3233.73 1479
4913.3 2317.93 5461.83 3688.25 743
4779.85 2636.99 4814.5 2903.46 3189
5677.66 3552.37 5249.42 5090.12 2096
6327.26 4335.07 4717.82 2316.27 958
4252.53 4471.92 5867.32 4465.22 1785
5071.47 3400.14 4471.31 2913.7 3238
6055.17 4546.9 6323.36 4340.46 2068
4865.9 5323.86 4547.27 4254.18 3165
3700.76 1488.87 4740.67 5481.24 949
6073.62 4312.75 6330.92 3989.81 2061
4014.81 1722.37 5050.95 3905.21 2036
5666.17 3821.14 4002.43 975.422 2965
5140.56 2976.2 3320.52 3155.88 151
5997.41 4466.7 3943.85 3820.88 422
6019.79 4419.48 4485.83 3561.04 2971
6283.46 3935.13 5554.31 4416.96 422
4765.46 5027.26 3449.95 3517.69 918
4973.37 3942.94 3304.04 2585.33 1333
4940.5 3841.35 6182.75 4671.27 329
5016.02 3889.06 5935.53 3950.4 3955
5448.04 3569.04 4983.23 3060.54 2503
4694.61 4440.57 5058.05 4161.14 2698
4960 3859.37 4920.57 5165.55 1744
5185.79 3601.11 5496.66 3839.73 3732
5723.43 4068.46 5113.35 3224.01 1196
6230.85 4488.97 4747.77 5193.51 1367
5332.79 5216.25 5915.65 3247.62 3610
5574.38 4893.46 5515.09 3261.28 3045
4990.56 3150.87 6124.17 4926.45 3607
4464.56 2226.12 5141.56 3063.76 757
4261.15 3513.74 5459.8 4862.56 224
5390.66 4379.48 4817.16 4927.3 2184
4738.13 5107.63 6637.6 3719.75 2123
6114.31 3332.21 4974.18 4554.19 2137
5913.04 3523.29 6315.22 4555.06 2783
5567.59 3846.2 4787.05 4531.84 2545
4246.49 2214.11 4461.9 4358.76 938
3328.23 3136.58 6113.88 4414.48 1598
4727.24 3648.44 5338.79 5359.51 3115
5298.93 4821.71 5255.15 4656.11 3439
4857.85 3778.09 3930.84 1782.38 1932
5040.83 5361.28 5448.46 4381.01 2004
4619.05 5218.35 6366.2 3454.84 1687
4332.27 3172.33 5957.68 4142.97 3860
3672.49 2489.1 6332.01 3407.47 2769
4759.88 2348.03 5978.56 4288.08 746
6522.37 3698.59 4674.11 5017.16 670
6221.46 3818.56 6144.81 4924.59 1025
4920.63 5258.63 5078.94 2997.15 3420
5380.09 5341.09 3356.27 2987.65 3104
6458.38 3974.67 4515.72 4271.17 1648
5280.41 3047.39 6105.01 4694.49 855
4129.4 3244.97 5245.72 5157.56 2550
3933.1 4424.39 5525.45 5222.03 3693
4842.89 5349.22 5772.46 4866.85 3890
5208.17 4596.77 5372.06 5189.44 1245
6145.72 4923.6 3565.76 3295.92 1786
4931.04 3612.79 5004.01 3956.44 3892
4969.33 4354.81 4955.49 5369.5 3895
5107.6 3126.21 4806.63 4248.22 2297
5088.75 4679.28 4549.29 3804.97 2012
4973.8 4000.17 5229.18 5472.74 2738
4551.81 5259.14 5609.14 3344.23 2171
4161.47 2221.6 5018.14 3270.76 2695
5327.49 4176.12 5741.52 3805.07 2401
5024.97 5034.28 4952.87 3893.71 2990
6055.94 3571.94 5206.48 5337.29 2303
5050.21 4382.43 4828.34 5032.04 2982
4407.48 3044.21 5381.89 4683.13 9
6398.32 3894.68 6152.68 3655.18 2040
4759.13 4317.29 4853.16 5233.4 2007
5409.51 3837.07 5035.15 4084.33 3177
4288.27 4239.88 4233.73 4845.87 174
5705.93 3341.31 6160.32 4630.33 2827
6373.35 4346.71 5319.17 5219.32 3171
4902.52 5303.89 5421.57 5370.22 516
3818.05 2988.15 4963.26 2817.83 3789
5741.95 4043.81 6123.41 3632.53 401
6330.57 4039.11 5468.84 3210.63 1999
5382.1 5345.34 4968.29 3224.76 605
5530.47 4043.82 3354.13 3364.67 3167
5045.17 4386.57 5723.43 4068.46 330
5480.94 3370.42 6024.03 4135.3 2003
3182.15 2203.04 6613.6 4019.38 1126
5617.16 3796.76 6542.42 4012.37 644
6527.21 3899.18 5613.57 4201.74 3825
5076.15 4684.68 4844.28 4091.41 2498
4597.9 2049.73 4736.54 5226.5 2410
5485.4 3274.99 5655.06 3764.68 1811
5923.06 4219.32 6516.43 4020.39 534
6439.03 3971.83 5405.1 5068.09 621
4829.87 4387.99 6507.65 3799.53 3256
5314.3 3939.3 5580.53 3785.58 3316
6642.75 4017.78 5414.7 4385.08 3192
5036.01 4716.31 4899.77 3814.21 1908
5258.26 4670.18 4559.45 2186.76 2425
5281.58 4929.31 5479.91 5182.2 714
5781.62 3912.33 6185.37 4313.47 2827
5333.34 4150.6 5715.14 4690.18 2439
5753.41 3358.26 5162.97 4817.52 2858
5073.79 4008.53 6143.18 4651.8 1097
6330.72 4675.91 5415.54 5303.88 1934
4480.87 2939.44 5911.7 3503.61 752
5443.72 4967.84 4968.28 3853.36 3072
5323.26 3219.87 5901.5 3471.27 2330
5618.4 3285.95 5468.18 4084.22 1404
4912 5310.64 4024.67 2569.24 1528
4451.59 2233.48 4439.47 3079.24 1941
4008.81 1722.07 5412.63 3311.33 1802
6226.39 4415.33 4666.94 4401.24 227
6074.88 4820.85 4654.2 4937.45 3375
4842.03 4096.23 6612.19 3841.97 437
5488.48 3793.72 5088.43 3871.94 436
4604.3 4473.74 5500.23 4137.18 3959
5302.37 4925.3 4941.03 4449.69 503
4863.04 4854.35 6199.06 4432.38 2489
5539.22 4016.9 5654 4418.07 448
5839.2 4749.98 5245.7 3639.06 2676
5100.45 3482.86 4323.3 4506.03 3696
4825.95 5184.77 3743.18 4296.14 1447
4042.35 3569.29 5523.1 4850.95 3643
5721.52 4135.6 5239.88 4366.77 1192
4976.23 3770.24 5455.56 4089.12 1418
5036.79 4249.06 4315.35 3505.12 2510
6037.79 3779.77 5822.78 4176.12 1128
4829.69 3477.12 4220.46 943.401 859
5335.19 3649.89 4379.21 3490.7 1369
5210.08 4986.67 3762.62 2046.38 1042
4262.57 3514.94 5314.68 3907.35 1947
4332.71 1984.98 4568.58 3868.54 3989
4831.01 2844.55 4886.77 5483.81 1973
4706.68 4499 4542.11 4972.03 3854
5307.09 4076.33 4914.37 5308.49 1934
6433.35 4343.78 5626.79 3623.85 163
5689.89 4301.59 5041.01 5261.27 983
6337.03 3457.5 4901.91 4755.82 47
3543.97 2868.6 3727.82 2066.58 3023
5906.15 4052.84 5046.95 4752.12 2771
4621.95 4488.63 6226.14 4529.32 2656
5011.37 5088.21 4959.6 3860.05 351
6382.75 3572.95 6069.11 3594.82 2657
5444.4 3995.34 6328.84 3982.5 2014
6605.95 3849.17 6065.08 4057.95 3079
5012.28 5338.66 5545.32 4891.52 3167
4586.98 4914.02 5687.27 5194.67 136
6270.75 3790.19 4063.03 4231.44 2576
6284.01 4397.67 3943.34 4100.12 190
6063.83 4055.8 4757.21 3587.28 1414
6198.51 3810.77 5178.71 3746.12 3601
4831.65 3770.5 4257.28 4642.9 2458
3699.24 2997.24 4129.85 1673.84 1715
5655.09 4018.64 4690.58 3788.11 2007
5416.3 3246.02 5520.52 3600.36 2765
4381.53 2720.05 5625.41 3783.33 2578
